18 21 0.22
8 52 0.33
44 4 0.13
50 29 0.21
43 8 0.11
27 42 0.2
40 6 0.13
24 19 0.14
16 38 0.08
38 40 0.23
33 16 0.11
24 53 0.07
0 45 0.13
41 38 0.13
43 35 0.14
49 28 0.07
48 37 0.06
50 16 0.06
46 10 0.21
21 16 0.06
31 19 0.1
33 48 0.18
13 39 0.23
12 23 0.16
3 8 0.22
22 13 0.29
17 7 0.09
53 21 0.45
11 0 0.19
29 25 0.33
32 26 0.14
14 3 0.06
7 22 0.08
34 28 0.09
1 28 0.26
49 26 0.07
19 4 0.08
11 8 0.28
14 34 0.21
38 41 0.47
24 31 0.01
8 25 0.14
22 42 0.23
11 29 0.13
45 2 0.34
31 39 0.09
26 40 0.13
2 31 0.19
22 8 0.13
51 40 0.11
8 34 0.2
48 52 0.06
8 9 0.2
49 43 0.06
13 51 0.18
43 48 0.14
53 22 0.2
1 47 0.26
35 46 0.31
27 14 0.27
15 30 0.07
8 21 0.06
9 29 0.17
50 22 0.16
10 46 0.11
25 0 0.16
48 1 0.01
9 52 0.14
49 17 0.16
37 26 0.01